3
200 200
124 84
84 122
122 42
42 175
175 46
46 73
73 152
152 12
12 83
83 8
8 119
119 30
30 97
97 176
176 50
50 10
10 136
136 128
128 27
167 104
104 81
81 183
183 155
155 92
92 70
70 184
184 80
80 57
57 64
64 158
158 32
32 150
150 182
182 78
78 77
77 82
82 4
4 37
92 50
183 176
84 70
124 82
84 155
42 32
122 77
167 46
80 128
83 158
167 175
8 77
46 4
78 10
81 12
122 78
83 64
8 158
158 128
122 64
81 83
84 64
106 71
71 127
127 9
9 117
117 147
147 33
33 126
126 187
187 195
195 200
200 26
26 98
98 129
129 72
72 86
86 95
95 174
174 162
162 168
126 72
187 129
187 72
126 26
33 195
187 129
33 26
195 98
147 98
147 98
147 98
98 72
147 33
187 195
147 98
200 129
200 72
147 187
200 129
33 26
33 195
21 173
173 58
58 181
49 160
160 62
62 93
185 141
141 144
144 145
123 177
177 153
153 190
103 118
118 134
134 105
103 181
134 105
103 58
118 134
49 144
103 141
141 93
103 134
160 145
21 145
103 190
141 181
153 105
21 134
62 145
185 93
103 145
62 181
173 153
141 93
21 160
21 144
123 181
49 62
21 153
91 171
17 197
171 135
113 61
130 116
20 121
96 75
2 79
194 24
60 1
91 44
90 61
76 113
151 100
2 22
17 88
112 96
76 120
151 13
2 143
76 179
68 169
114 140
74 48
22 16
17 157
17 13
112 55
55 75
191 99
194 68
75 51
51 121
194 120
74 79
74 60
112 161
112 60
130 51
151 116
130 109
196 130
120 121
157 112
74 88
61 48
114 3
29 96
91 29
76 196
157 55
135 24
29 109
171 135
22 146
41 89
91 51
161 16
197 28
113 55
200 200
40 1
1 12
12 149
149 117
117 104
104 182
182 136
136 137
137 111
111 195
195 42
42 192
192 162
162 189
189 107
107 116
116 16
16 146
146 71
115 46
46 64
64 198
198 3
3 88
88 63
63 145
145 10
10 34
34 161
161 90
90 126
126 59
59 52
52 168
168 170
170 11
11 73
73 74
198 136
73 71
115 182
10 111
104 90
168 146
34 146
88 116
195 74
182 170
136 170
195 168
3 116
161 71
198 42
161 42
198 111
3 146
111 52
111 161
117 90
146 74
125 124
124 86
86 133
133 169
169 57
57 47
47 38
38 75
75 197
197 142
142 2
2 13
13 103
103 44
44 56
56 60
60 159
159 131
131 37
47 197
2 103
197 2
47 197
57 13
47 103
142 103
142 44
57 38
47 44
142 13
38 13
142 103
197 103
57 75
75 197
75 103
47 142
57 44
2 103
197 44
183 108
108 7
7 165
28 128
128 187
187 66
69 83
83 48
48 110
190 194
194 68
68 119
102 199
199 94
94 89
108 48
7 165
128 66
83 119
28 68
183 194
183 7
28 108
183 83
102 187
83 66
199 7
128 7
28 187
102 110
194 48
190 83
183 165
183 48
28 66
128 66
183 83
28 187
183 194
28 68
155 138
186 191
150 41
150 196
39 118
62 79
191 29
72 179
113 61
160 45
67 181
45 141
139 174
29 160
15 62
113 179
191 51
127 54
31 132
72 132
188 41
29 79
132 121
193 160
23 53
123 65
188 15
23 80
166 45
138 106
29 45
105 138
45 141
150 51
27 144
151 45
20 109
138 27
39 65
30 178
132 39
23 41
98 155
118 140
193 15
186 54
139 54
30 155
139 191
31 21
113 39
155 118
121 80
181 109
188 106
174 118
138 51
15 123
105 27
82 191
200 200
41 23
23 187
187 97
97 170
170 105
105 179
179 36
36 43
43 90
90 160
160 102
102 144
144 28
28 165
165 99
99 21
21 199
199 15
15 40
75 93
93 65
65 88
88 73
73 127
127 186
186 108
108 118
118 117
117 77
77 149
149 194
194 123
123 183
183 101
101 42
42 190
190 164
164 132
118 144
23 183
93 170
65 165
97 194
105 117
93 179
73 160
187 117
108 40
97 149
105 117
41 132
179 118
199 164
23 101
75 102
23 164
75 97
127 160
75 21
97 117
126 177
177 62
62 128
128 193
193 89
89 157
157 91
91 142
142 138
138 83
83 174
174 163
163 140
140 136
136 12
12 56
56 53
53 84
84 185
91 138
142 136
89 83
91 138
157 136
157 163
89 157
83 136
89 157
89 174
89 83
157 163
138 83
174 163
174 136
89 83
157 142
157 138
142 136
142 174
138 136
49 137
137 106
106 100
154 191
191 30
30 143
150 120
120 200
200 68
161 151
151 98
98 22
78 18
18 80
80 153
49 80
78 191
154 30
137 68
151 30
120 68
120 153
78 18
161 120
106 22
161 143
200 68
161 68
49 143
161 137
30 143
191 143
137 106
30 153
30 22
151 143
200 100
137 100
151 153
49 151
122 96
25 45
35 45
39 166
113 134
113 131
182 9
110 134
35 192
158 184
139 47
167 184
45 58
131 116
13 166
113 159
158 181
169 148
122 159
158 74
178 110
47 173
158 134
32 58
33 104
133 121
104 146
35 5
45 74
33 67
32 5
96 51
96 130
114 167
139 51
45 2
122 9
182 58
50 74
175 192
162 1
5 96
5 20
48 182
114 113
148 74
158 181
33 134
148 69
32 58
48 47
122 20
167 69
57 74
116 1
5 94
114 181
162 58
114 166
25 184
